 R ; jwA ; 5; S  
"<";    N@; fec4p   ;"4"
   22Ico   ;e  ;H&;abx  
|  ; ';"";""
'A;?_L ;    *\;%
j;  Kh:[ ;1   ;4<A
    y  ;Z;   ] ;""
"w";   Y] ;Q?NY7;""
"";  <;"5";     L   
 ;""; a'(k ;c|       
"3";6S;"a46";""
pp3e  ;"}";"";"%"
 [; V  ;   3 ;  6
"3";a;"";    X
"";"6L;H"; %/2 ; Z 
"";"";"";  ? 
"";yBk;"";   xyf
"{";"N"; QU;""
 `  ;rp;"";""
"BA";"r";Y ;"M}"
"V";"";e ;""
 w    ;"";"9(tK";""
@  ;"";""; z
"";  O*'}  ;  koyj8cA ;""
"<A";"[";   tM  ;""
XtHR ;"";"";     l
""; '1EI ;"";  l7
  ;","; BtP;"gp"
@iw0?j4( ;"";0 ;""
 %L/E;"";[E!gf_;%
    ~!;"";  c;Mf(,Y    
"\m";Q=m   ;"";"MR)"
  J8; Mf6ie;i ;T 
.  ;"";    T;"Z:"
"<";"";l&D  ;"y$"
"";   `& ;Zj?    ;""
t) ;    5o    ; G1; f           
"xs";">";F ;       m>A7Z69      
>  ;"ku";\;""
"W$";"h";"";=+
"";]p;"";""
"#0";"m>";  3`;"'MG"
 dX;Z;!;""
"";  hY  ;"A9
 E";"&j"
   ^)  ;n ;u  ;b
 G ;"i";e( ;""
"N"; y;Sb  ;Zg  
9 ;  )/ ;"";""
A5;"lbl";"";*we#F
"";b. ;";"; D7':0q
"";"";   zu    ;"R"
"q";   Tk;"I`C";q   
"";"o`";1;D 
"WYNVd";r; y-;"U"
"O";p   ;"{4";   #
 D ;"5H";  rfjH ;""
""; yc;":"; qk)PogH
    3O`z  ;"fcRD";   /TE#; }
 NM;Z ;"G";""
"f";  XH;"Qj)"; J
a.;    8d;"b1e";"b"
bp ;":"; u)y'+; ^
"&p";=;kh,b   ;f0
"";x0;"";"R"
  '  ;"";"";Y
"";gEd^   ;nJ   ;D
"a";        -r;"";(c   
"";"";T  ;""
""; $  ;"x";o 
wa   ; BR[*oG|  ;   n ;M
G:     ;"";m<?: ;`e
    4 ; k+@; m; o  
-u  ;"W";"P";"{"
X;_ ;"2t";yz 
"";F!;].;"x"
"_p-C*YE+qR&u4J";}`;lTC(;"n"
""; di ;"+";?
""; 2; e^0   ;"c"
"";"d6";"";""
"_";"$";"";"kuSF"
i4/ ;"@g4";^S ;""
   [o ;"";"Q";""
ZR  ;h    ; cqT ;   r
"c";"";"";"=Y8"
